

Mynetwork_2_32_128_8_16_0.3:
one_value  [0.00490703 0.00027582 0.00010676 0.00016614 0.00022542 0.00028483
 0.00034418 0.00038227 0.00029752 0.00155022]  0.0008540192502550781 
step_value  [0.00141405 0.00031861 0.00103795 0.00073563 0.00090632 0.00126119
 0.00073664 0.00184709 0.00123656 0.00247166]  0.0011965703452005982 

Mynetwork_2_48_128_8_16_0.3:
one_value  [9.89362597e-04 8.07535660e-04 2.28148696e-04 5.56665647e-04
 8.26239557e-05 1.51526925e-04 2.27212906e-04 4.62603581e-04
 2.86245340e-04 2.09059706e-03]  0.0005882522673346102 
step_value  [6.87000167e-04 8.88597977e-04 1.38922338e-03 6.30003226e-04
 4.50611115e-05 3.64649284e-04 5.36978245e-04 1.38125417e-03
 1.02300639e-03 2.49698153e-03]  0.0009442755836062133 

Mynetwork_2_64_128_8_16_0.3:
one_value  [0.00140532 0.00026068 0.00048797 0.00075048 0.00046917 0.00020858
 0.00025679 0.00046194 0.0004679  0.00241256]  0.0007181375985965133 
step_value  [8.47536314e-04 2.56368512e-04 2.22277638e-04 4.48369974e-04
 3.15618527e-04 7.27653533e-05 6.51454902e-04 5.89537609e-04
 1.71434879e-03 2.24730978e-03]  0.000736558751668781 

Mynetwork_2_128_128_8_16_0.3:
one_value  [2.44221097e-04 5.86211681e-05 8.87751594e-05 1.05971099e-04
 1.53183937e-04 9.66548905e-05 2.59959692e-04 1.15680697e-04
 5.27381890e-05 3.91769398e-04]  0.00015675753820687532 
step_value  [2.52115715e-04 2.04041600e-04 1.53219706e-04 7.61747360e-05
 2.48706347e-04 6.26325607e-04 2.32541555e-04 2.60603440e-04
 1.74975401e-04 1.35385990e-03]  0.00035825639497488737 

Mynetwork_4_32_128_8_16_0.3:
one_value  [0.0005563  0.00017519 0.00014454 0.0001145  0.00040413 0.00034659
 0.00048852 0.0001668  0.00049801 0.00186951]  0.00047640831326134503 
step_value  [0.00113368 0.00047138 0.0007062  0.00126386 0.00169395 0.00105697
 0.00081421 0.00061057 0.00087364 0.0022259 ]  0.0010850351536646485 

Mynetwork_3_32_128_8_16_0.3:
one_value  [0.00058758 0.00032144 0.00024887 0.00017033 0.00061133 0.00037395
 0.00041302 0.00038542 0.00042822 0.00173812]  0.0005278274184092879 
step_value  [0.00052799 0.0003943  0.00032398 0.00087962 0.00120316 0.0011448
 0.00042686 0.00087169 0.00125971 0.00254512]  0.000957721786107868 

Mynetwork_5_32_128_8_16_0.3:
one_value  [0.00161614 0.00050493 0.00022241 0.00045375 0.00095944 0.00139168
 0.00071257 0.00121511 0.00169382 0.00336196]  0.0012131828116253018 
step_value  [0.0021131  0.00129115 0.00074549 0.00051655 0.00074098 0.0002721
 0.00099417 0.0013742  0.00076442 0.00241301]  0.0011225157650187612 

Mynetwork_6_32_128_8_16_0.3:
one_value  [0.00121765 0.00065615 0.00095203 0.00042508 0.000844   0.00057305
 0.00026059 0.00045955 0.00037882 0.00261116]  0.0008378091733902693 
step_value  [0.00170548 0.00039976 0.00090045 0.00141078 0.00072587 0.00030625
 0.00022205 0.00036479 0.00180502 0.00312164]  0.0010962083470076323 

Mynetwork_2_32_128_8_32_0.3:
one_value  [0.00201824 0.00109342 0.00024688 0.00025657 0.0003383  0.00063367
 0.00075274 0.00048193 0.0006016  0.00341923]  0.0009842583676800132 
step_value  [0.0017727  0.00074432 0.00070091 0.00028178 0.00031906 0.00076476
 0.00166736 0.00097398 0.0009903  0.00222704]  0.0010442215716466308 

Mynetwork_2_32_128_8_64_0.3:
one_value  [1.53824093e-03 4.07639134e-04 1.26832718e-04 1.50853390e-04
 1.48558611e-04 3.73244293e-05 1.54638285e-04 1.45626065e-04
 3.31425661e-04 1.22075086e-03]  0.000426189013523981 
step_value  [7.13413930e-04 7.18897558e-04 1.46442652e-03 8.28802586e-05
 1.89793107e-04 3.97932541e-04 8.18729386e-05 4.23216814e-04
 5.37371612e-04 3.22558871e-03]  0.0007835394353605807 

Mynetwork_2_32_128_8_128_0.3:
one_value  [3.48886853e-04 3.77774239e-04 4.22984362e-04 1.51705739e-04
 3.18169594e-04 3.00168995e-05 3.00884240e-05 3.01361088e-05
 2.98500054e-05 1.55794621e-03]  0.00032975582871586084 
step_value  [0.00031881 0.00029387 0.00042399 0.00016315 0.00015061 0.00046086
 0.00078828 0.00049249 0.00011239 0.00107517]  0.00042796312482096255 

Mynetwork_2_32_128_16_16_0.3:
one_value  [1.08608603e-03 2.66256917e-04 2.76178122e-04 4.99480986e-04
 2.09140780e-04 1.28209591e-04 8.18729386e-05 3.55124466e-05
 1.40428547e-05 3.40676313e-04]  0.0002937456883955747 
step_value  [0.00112628 0.00027863 0.00017547 0.0003978  0.00017452 0.00029924
 0.0002094  0.00043837 0.00066378 0.00270395]  0.0006467440980486572 

Mynetwork_2_32_128_32_16_0.3:
one_value  [5.01561153e-04 9.69737739e-05 9.41514954e-05 2.16603275e-05
 9.77516174e-06 4.55379486e-05 1.70147425e-04 1.93214422e-04
 2.94733036e-04 6.22439373e-04]  0.00020501941617112607 
step_value  [2.63234979e-04 4.58595168e-04 2.95811886e-04 8.32796068e-05
 5.53965583e-05 3.16953665e-04 8.30137753e-04 4.95231128e-04
 6.05750072e-04 5.41925430e-04]  0.0003946316137444228 

